$ANSIBLE_VAULT;1.1;AES256
33303231346662313535363638633264313035613534626530326266636133386633326533346632
6531356336303435666338666334316634356537333339650a383438363265376432396361613564
64666238313038316439306239633431396533323930363864666134336161323238333064363963
3031663562313135350a336365316362313432383839343861353438663761613934643531303230
37663132353864626661326530653335323665373239376230326133313161663932623330393834
31343030666565353739373334613862613266646235346339313533383331613131393434633364
30353166663536613433303264653336316334386266333232336431326365643063306135333637
32363537333664326563336663323030393332326564383237613262613861613839663938666365
37323535636331326264323839623465306636346132373764613836353061656534343564363963
36633566333465343534333062363064336533313764396339666533393766396235616633386562
36333635363438326331313630356661663538363564353134303539393439323133303566373962
31333762643634333230383736666235643839633034376133373065333632333466306561386131
64323134336436663537633963383234623061316633326361323833623665613465373962616433
64376263303439306435636663333534376164353639373233623434353130323733373230366166
36386465356233613364656563373130396630333539383731356361633331363432323136376135
36306665633332643864313234356166663730633236323430646166313632633665623264623161
65323833353263623639653065346234303763633737303935346237313832346433636438633238
31616132613661646663653531316166643264376231383764333862303434656638306334656636
34653330663163613533623362653063623631653930636663623931313462373831343138333463
34343936616137373333343636623239623233653430636535346438633036626638366133376532
62646434656562623636386238643038643635333461616130323530613862613266616161376134
30396439623363653539343634663436363532396538633636303765623830373836643632643362
65613133386637393036363733376264373334386166396364613734653037333837643831653930
31333766323132623832383531326662623438643963313162383133373533643835383566653665
3563
