$ANSIBLE_VAULT;1.1;AES256
37346662663961336230376462613335663562393362643630353834333161653638303539626536
3233363963393932633163323233616261316437336137310a343332336533643362663339363839
66653163353432616532646664613634616231353661353161373366303962626133626638303737
3139346464636562630a383531663662613934343862623236303839656239363362303930393633
39633335363264313537353938636434383464353135333331626130663234636437376463646338
64643739666238373932643331613638393936303633383434633536383930393161323034633631
38396238373333656663353332313562353938643536323432303139623232613234653138336462
34656363653732366137656331613364333465373834613433643230383936626364653837383566
32303139306639333237316462303264306266643331633939643461623661633533343462353035
30353533326637323834353532663938353161393136376238306432303964323965383134353434
30643863393636346136326632353666383061353062383530613038623061613363333062383631
37353034643863333137656537636333353762313362646438623163313937653732616139633366
35656633333039376566643064393433303031383536653337356333393731353762633265663338
32363162363235613634613432383832643132353532336166386663333736643534343361356135
34643030303261336366356637323533396462656231333731633634313239663466346236343238
62306563326364346330333661396561356331623438353937323962626237313538383339386439
31383636633663383330383430303330633439313132636234363163306334323964326165373262
33663961623638333935326131653766643437373936303065663436353531373339363635613734
33653961356337393537316236666237303933613361613765656563373633616432643733363764
32383437646639633730393039353136313731373135623861643433343765316639313832336133
62353065356566376166613832643734643038373262656631623938323432623462393966356565
63336435613764303335373161393162393430366363363763623865346135346137386565316364
33653735333965386338613863363739343935363138323937313735633630653136653162653835
64393261323030303037323965666239373932393863353162656130316664393766636366316133
3563
