$ANSIBLE_VAULT;1.1;AES256
30396235383634343433666535633937383730613133343461373262646635363034333662303233
3230353437336135323233396136623231636439623831300a343933653834613838643538666631
65333730393835313764356565663361643364663262343837303539323439323466666231626537
6563666131343733650a396634613763363965313561626330376635386335393763353535326635
61656633363234653064643962383663353230376664643266356530663033636161363364366230
32306138623762636633343533366265346432396531336434636635313361616533613966373665
63336231346265663666346539363433386265656334323165303636346436643264336462313930
66333062353030306462396162626466623564343537613464306336353631393163656632623366
66383861376265636139626536646539326131353638633033316231393164623061316130643765
39386436636132326331363032313265626361633737613230343461623936343434343361633333
64316537303634343262393965626131303138336638396361353362633135343166343165336463
31636536326162343837333136323963393864313563626564346138306163313365386464386264
64383739373363316636383437663265663063323764343931613332393632613531346565366535
39386163633237653361626638666531356666653538663566643138326537623333616266383134
66353063623733656137323465336231353936633764333138346235336264373136663462383035
61316631353562333534386365613431643963323665353639363766363238363339656237376632
37643630636466633363623234323563383764343736383534323665656234393565616233363336
35366331613836663866613066616238303235346566613838353734353134633731663932666536
34363935323130313332333931643433353661356663646364383533393138663462376563353335
34623965323237383234373237636665636130643732303730613336653537653061616662643439
61633934613836353931613834323236613934343366356231323461393063383230353936363835
65616563383236353530396366316365663462653430386462636230636330653863336465343530
38326230323437383264303631336232343433363439393830316230626632656536373665363231
35613038373638666430623232616366623566336335333963376562336234396335393663383665
38303834343234653035366265643964323263306563386264346630616639363238613934643763
66336661383030363434353137653836653137663437333865633535363036393965373961663465
37663861636563383037353032343832343032363463616637613235363336333638623238343165
61623663653230383934373235383736396633636232653338613363626665363332306134613435
64656236336166356661666331313037376337353666393131383461383837333631366262636633
30336339383466313839633932373462346435306334346361353465653536366632306639363033
36643961386131666436336133333563326638633466373335356163646232336135646366306333
64666539393737303766663236323863353365366664643739646563623634623134353261383462
31653737376361303331316636346639353136613265323130386365343037373232306232356663
65616262363536356635663766323438316536363561656131383238656663373336316338303638
34336531626336363237336439373261383431366132323332633039646266383836303661626634
65313863326636633866383330663466626332386532373364643466363031343233613966366138
61333364613038663431363066636130383064313138303565356665633163323963383734373133
32653162366333316337326366353361346261636639316161663731356534633239663437643930
65346132363365646638333563326134323463326431633533376661353638386466666162376135
33653162633638373938623232643761353133626135653362613937366438656462623939346363
30303362353639653764353934383239303866373036386231316533633038316438616563656136
39396637313633656566313234323761376563643534666530343464323566623339386137333664
63363064663065383862643862376136623038396137383833323561366366386437343264353066
62623937376335623938646130653963613434653165373161383030313666336538313034343739
32343965666363396135616565353436303261366162623533336265323434303234363766383238
65623631383533326162383330666338613134326232623836626134353066333035396631633737
30316637636135393964323064383531376436633036616336613335623065633861396233393161
34373961623165633530333133366435303539323737343566366362646230353838303938343939
38623137386335666665633064353734373661326236616138643866333831333032366362636430
61323232323734383739366635333662626239306138336563383062343363636338353462346464
63646338363536306161366134383131386538363432313661333736323362316462353863363539
65613164313466333130343332393739663835643134396337313238376166343562646664396661
37333335333339326239613338646638333363303061323630363632343939346138316130326235
31643961343834343265646338366338376461336239326234323066353062383362656662653261
33353237663131353935326262653766393930313432643537636538376665656433383565663637
34613137393236336362306139383663306664373663386334653162663835396439353138326666
63613063356432306238306234333837343065653234363739383966383132646661626430616335
34643037363136653765623139646637666432633166326630343062633130316334653238643733
63383664343063663530663262353562366664346661353237393630616431636464363336336432
39613834613138323663343035636564376663326465336439616130636537623763353865663031
35316163323337663964336135373862666561373932383562393931346564613138646639656663
30366632616635616538353331306237643233333131616239643433653964313438313162653064
33643564643763393838663835663534363139393831303663396436643964353330626637636336
36326236663365326136383933343531386535646263316337326231666236356633393962313561
61313937393365656161343338613737636339643930356232383939393037656630386330396536
30366665303335313165653730336339373037363665646131616430643966343034376138613464
32326236353964343431636137623733343564326233303363373830373565626361313033333661
62313739646537613563353832613562386363363539613762386562353133346535353136623361
64633038326633383536393035373837313436393936323265303734326466383239396634626335
64646537346639386337626137313035653832646661393831303432653763306638633765376466
32323266346462383139356634663162333564323630326131373462633937383134303463393463
36326339303733383139626433356239363539343036303434383330626661326336386561366333
34356433366632336662343730376635613830326561363330346631373333653863373263306366
35333230663766353435363463393830663633313565663035613035613037633437633238623335
39643739303635386536316634326533356137396635663666396435326162393033336135613761
38636133336636373436656332366633663031383837313365313839373835306232306361333464
36616134653639653363666437633233653531313961643661623335666361633936313036303939
62636262356630393566623336613030393264393462613334363539623166323063643832616162
31363162653830346236393333613265616633336235306364616662646632633762396139613035
63326363393435343563386437616531346666323336323538353035303364643638653062643135
63393437653762663131373866633537333863363930316138303936653362346432343837353162
34653632333263656235333939343261353764336232323731343738633766323835303366653765
38643233623165353961633231666663343138303638613761363765393864383966646164633036
36376661633930636339616565623132633432343063373332373862366538343039356361343364
61323538623664666436343638386366323733633366393536333839373730633733626536366339
64623638626236626261386333333535386431383666646461393865353264616663613938353936
34343961386363333664616464623833376531343238663961303164363863393964326235386238
37363037356630333563303337326664306464366362373464383238663730336130336165663364
65646631643133353766616635613764353130343037313237323738353863396539323434303335
66303663396630393832643964373235313666376334376535666333386331653464343265376338
30383634336231363761363130356365336563643361623239343035313033653831613733663365
65633930343263616232623432333739336339363139353061363833366663386362393066323764
63303630326363313265623637646166396263646137633164353662333836346234306363343464
61316636356461643835376335636664313661666366326331636337663263646263333835383232
36616339303862343833653063313566326631313433316664393461373633306162306335316266
31316630613738303638396565356566313235643937313161386461633231333066333639373361
64356339393639633333353532653036626139303263383831333664343330356366613837663264
63613362386438386330623364623935356462366530323765633762316438313133343066356465
65353562356236383766336337643361663031383433366635663462633136666332333764663764
61666230623866633064383133653934336561323461333165323939356263663935663162633135
32383162626333316230356364383831393739653035356537646336616230666532613234316135
39633631663366343931336432383738363563666439346163353130316535396166613464333936
33623234653133376632613038656331353163343064313662303864333731626531393038303463
61626637393166303465616333353365363563363564366564356536313636366232633031613962
37653762663363636439353238373535613338623563343931313064306264643861396364313637
62376339333239386538326337626530303963633665393035623862313138393030343437323162
63376433326464336636373433633734356633356562373432303464333162303262386237323032
32313165323263373066303733363833663262393334646664613736623966323736313232306563
36353665346132646632383266393433373365313537316333323865326431303865373865613437
35353336656535333238336331623531323137323634666230313863373866616330396466616139
37633532326661373564363138643465353461633366636631316535656135396130366236613536
39643032333336383132326639366166363764616538396666326262383266376431653835336238
66623265613530393431306638326530343838663033303364346163376330383463353337376263
30333532313031353364323362303736353434303564666637633062303265613866623266326536
31353430303232383565393334326666393232653163363534653736353261653135303437616662
65326261393533623662323539303066356465316230323836343664313065633063633939383638
30393162316639646436383739363730363464653161633333363966643263313435623339363035
37326134653034633266373737303334346639396432666130393832356336366365396266313666
62306365336161363665363030366462346338373639653239613832623136353137666530356265
62346663316464363066623437623136346432616235636531656333333865633234656139313366
37386433343339333562323865626362623863356434616639333163343233346139653837313932
34643838326334303337653565363234373437326662653133353030313234353631316162663264
39373065353232653963353132316538616134633931323235373562393539643833373538393139
34653936393166616362643535313530643536653330633264396265646132656634353936663433
38373732303236386431393530653732383330636232303962393965623937613936623861613363
30353764393163363532356361373963633462303138613735333961653032383334313433636231
62303131383162613162623861386266633735343336656264333436363234356666646232623134
33376162323766373234346566646232383934636238663531323632386139666238363738623435
62323338663133336535396537626361376532366363356164653333656364343166323934353261
66353232323961643464613231653762326666316634343036366235633861303133626135653365
31303866366561383735323634313434353934343039373838653332636433333637636130383663
65633564643431643965613163383864613237336232646532393736363839656138376565356538
63626162303736343233363137376337303832383231383534373631396138336263
